Reading: 2022/10/18, 18:23:6, (Lat: -2.075778, Long: 163.088658), Magnitude: 2.669907, Depth: 5.599470 
Reading: 2022/10/18, 18:23:8, (Lat: -5.768067, Long: 159.630569), Magnitude: 6.975710, Depth: 5.292304 
Reading: 2022/10/18, 18:23:10, (Lat: -26.921910, Long: 154.945941), Magnitude: 1.980662, Depth: 5.114225 
