Reading: 2022/10/18, 18:23:6, (Lat: -14.495763, Long: 170.615369), Magnitude: 0.015577, Depth: 0.437413 
Reading: 2022/10/18, 18:23:7, (Lat: -18.426095, Long: 159.711836), Magnitude: 8.064370, Depth: 8.416525 
Reading: 2022/10/18, 18:23:10, (Lat: -29.404544, Long: 161.201168), Magnitude: 7.273109, Depth: 7.025420 
